1.6567161081852273
1.9454539535377664
1.656716108185242
1.5625658479056144
1.565127163321751
1.8226390458099395
1.8449614343082479
1.8226390458099566
1.930094270236856
1.9140553007115004
1.8055501748634977
1.8068356822627871
1.9133771498221608
1.35617029853721
1.8316398543125625
1.7467533358395286
1.8207381555597983
1.8013434580790184
1.6935207507543433
1.6776614309376985
1.7464361762270428
1.8204055706672337
1.8184139965049595
1.8505161774628263
1.9579493715695346
1.957949371569543
1.6752787638016313
1.7178190477730662
1.6752787638016489
1.6836130418016158
1.7681285269776577
1.7641442245346024
1.7661102613653383
1.7334529709638595
1.701786849837964
2.0075697438134004
2.0109649971312353
2.010396495935398
2.0109649971312527
2.0098097946634903
2.0124469506569973
1.9877306136955912
2.0242598621892722
2.038135330397667
2.0399190118219597
2.038106008892301
2.0099377690824194
2.057074737833336
2.0600266982092497
2.040729068402261
2.0579237895207574
1.9893280605065609
1.9908493443078692
1.991465869990519
1.971312026547221
1.9718432873319915
1.9826767337033488
1.9983858856371841
1.9927778163741192
1.9972079555818203
2.038650135127672
2.0388452992286448
1.7989948844284178
1.803638800621347
1.80363880062136
1.8078405475828887
1.8078405475829
1.7690410171595718
1.6558962772437686
1.8462248130979917
1.7470601031466682
1.8673555510321023
1.7400336653853892
1.7459960125231642
2.0331865953984756
2.035863740864341
2.159466215298941
2.156602080041417
2.1594507984927986
2.198558402164188
2.190828151481814
2.191672977849674
2.1982437723905623
2.202595707674633
2.198243772390588
2.2025957076746585
2.2017424411713917
2.1872437233460493
2.182952183095675
2.1876883126467215
2.1678127924323176
2.167705430811272
2.167705430811283
2.1258991587032483
2.1258770583123505
2.1234153167031735
2.1261877663235658
2.126381212567791
2.126381212567799
2.124851105226099
2.1248511052261083
2.1337936373074036
2.15546809279275
2.155755746048832
2.1556826142845487
2.166149408573108
2.1664461209428243
2.171352815563579
2.1713528155635906
2.139087925840138
2.19491968567007
2.174413000240518
2.1744130002405293
2.174413000240538
2.141068817310177
2.141068817310188
2.16560972251716
2.1656097225171713
2.165609722517179
2.17166839043027
2.1732823445288183
2.188413064000329
2.192605763492962
2.2262888740814484
2.230424115894257
2.2379530203656244
2.234778820132969
2.2347788201329797
2.2347788201329903
2.237993383114453
2.2370015564897834
2.239510965389191
2.2344418479212855
2.230041890646277
2.236784233456069
2.241323101778961
2.2457677325304166
2.2459974544578705
2.246362029320075
2.2462826210333584
2.246601693867563
2.2410237303941933
2.2429316285296967
2.242931628529709
2.24293162852972
2.24135069142087
2.235276751060267
2.2430843263375677
2.2387203555090665
2.2393294927356204
2.2417174347093765
2.247002928203498
2.24504804975198
2.249507480909622
2.250539328539315
2.255134249345909
2.2553658915898014
2.282873866614407
2.2858747731806806
2.28287386661443
2.285874773180703
2.2858747731807134
2.28217139491045
2.274862365820259
2.278993952779773
2.274489277848265
2.2777683551255747
2.280926757807953
2.2863989884549247
2.2555930323812543
2.2513066053748014
2.252536920047424
2.2612724939087
2.2173153760434645
2.2171924020830285
2.2115829066606545
2.190578281055964
2.187806890396098
2.1934487818735153
1.9418402471953062
1.9412503160807073
1.944762788897078
2.3789034910823483
2.379813784282993
2.4017106016137926
2.402567238373631
2.4255996044604826
2.426110611582623
2.4208799546761486
2.402220925750639
2.399144565131369
2.4054074034428514
2.42767304669111
2.426920445552216
2.431401599911064
2.4267859439375727
2.4485953945356167
2.44948580947323
2.3997763427279972
2.404971677925062
2.4118343488076004
2.4094022274188585
2.414490396957356
2.44028193775163
2.4448126162877504
2.445700281689009
2.4924579674999365
2.4997194745585007
2.515454985146443
2.5148138088909806
2.512400690797821
2.5227308520897243
2.537832170813904
2.5442907890689432
2.546326992248441
2.246451320628111
2.239497416100467
2.021926641969968
2.067935281700301
2.0835497944521837
2.060662589424708
2.0230426057430755
2.027965875882668
2.0402316301073884
2.003120972646608
2.0025101858227647
2.00280942695049
2.0406452252439813
2.413617618888136
2.4149465559443524
2.4480930632549867
2.45872773734472
2.4444598918526816
2.446165124563606
2.4505066248246017
2.4526195211886592
2.456074108353694
2.4554333014681697
2.453111985930292
2.45986145020711
2.45407246202628
2.437641620221111
2.4509169188257394
2.4675278211152603
2.46909379353788
2.467854666600228
2.469395808099843
2.433266889136856
2.4184152940210533
2.4195858769715746
2.424428926451094
2.424691700872019
2.442181378012991
2.4490359326043074
2.448276578119626
2.4486486056208183
2.45322379371231
2.51085715809346
2.4911649870641197
2.499946866152739
2.5256213853177623
2.5200311498120076
2.5303050980268518
2.52900378732778
2.530622273652952
2.5413435382144556
2.523039518893692
2.5230395188937
2.520046722775926
2.5298183758873947
2.5293821916262784
2.5341386125009904
2.534138612500996
2.4107100235041696
2.4143171310074565
2.5379507556513015
2.2864038462242884
2.3484673163163907
2.311756203312071
2.3805669725370735
2.3907288119040997
2.402963522761009
2.382448267224883
2.389600827098677
2.388839397131629
2.39073583563597
2.242235602988554
2.2397000083943746
2.2045370554109667
2.2322262031924183
2.704449849034506
2.705284197524133
2.7111409264998825
2.7120068136749182
2.7150770833753235
2.716202579032342
2.719097000075928
2.719405498218347
2.762408179724804
2.7720590094178776
2.7697297486093233
2.7643564783763495
2.7519466218129347
2.711440176977993
2.7329261103931097
2.776148649481485
2.7881756089484657
2.7819251270622205
2.790122331885036
2.8068810037917955
2.8002275574744546
2.797179118487271
2.8011637640713563
2.8037336703247604
2.806100597166837
2.7945750786506025
2.8338116002876683
2.8635929491917524
2.8338527736789385
2.835681001392545
2.847522794513875
2.852125666703354
2.8366490682814822
2.832874784824802
2.837972329939729
2.850940689665815
2.844405958851923
2.852976077102088
2.853001240499858
2.850965817171801
2.8462728826125554
2.839759508291765
2.848633280242399
2.851463311055434
2.8531683602032403
2.8855464191306854
2.8538827744339796
2.6373922974717803
2.654322209074153
2.6544828492813015
2.655317290459371
2.6564518647083544
2.6572114485780753
2.6469538670523884
2.646847005131295
2.6472765567264678
2.64770045068594
2.644600141930578
2.6488739424869103
2.6314869539889756
2.6333726967200035
2.6379472551402485
2.698141178767254
2.699622159569755
2.7008456477353495
2.7012806662360545
2.700288614519859
2.7019845211629403
2.652859554286179
2.648531593613905
2.628062697979038
2.6665705975486613
2.41262642448322
2.4093639165017
2.4065196936580793
2.4029532289807496
2.4126638346421725
2.4126479913401004
2.3943759165696723
2.394391529296418
2.3867165333429448
2.378922922912187
2.3759200152087945
2.367766380578126
2.368782213841034
2.3731970695248354
2.2848866102767595
2.4056799224214607
2.36560921124068
2.3329329650107424
2.3797006719982052
2.72866666770129
2.7321284243896886
2.7861341639364388
2.7665256425557536
2.7651899743168107
2.7713390907405095
2.768810220597439
2.7879715951273747
2.793621208982947
2.7921258493453793
2.7939856907443845
2.8631030273928775
2.8875528943238193
2.8692715976287952
2.8883723498177525
2.8915870070377903
2.9137819315012776
2.917619561002965
2.917625182323936
2.9067421463754464
2.9103050064079965
2.9159139975950352
2.9170700108426444
2.921104891368742
2.9366939150141254
2.9415947763711032
2.9160057495576135
2.931859744945898
2.9258906088879377
2.926769995358922
2.9268820670241045
2.942413827090216
2.946367803337888
2.9534091237752134
2.954282908657693
2.971974018572481
2.960408852178392
3.0507409947905577
3.0566717134893286
3.0579708700619257
3.042509056250727
3.044452878664258
3.0606086195079563
3.058245743194142
3.0468414918803695
3.049380504203027
3.0312908256598
3.0530959102310837
3.050096087334525
3.063687186172827
3.063687186172856
3.063687186172886
3.0582784610523457
3.063199626205166
3.0634683689866877
3.0312760610369196
3.041683053003044
3.026275673296792
3.025968563434055
3.026269210105576
3.0267467426912646
3.0134807079990464
3.0246361321989066
3.0409140758080553
3.0338145105112693
3.044005084501191
3.0383956442041393
3.07767382376803
3.0686574946740954
3.0714715862852855
3.0710392778388966
3.0766308039275185
3.077124363753037
3.0494828179351594
3.0479707228835444
3.0499349135580687
3.0724407032945495
3.073977180988167
3.071981911434363
3.096819936393451
3.0952605444852894
3.097286177787608
3.139127950563273
3.1407318679285083
3.0568721330456508
3.0441501172867973
3.052357202065034
3.0538905364258575
3.0774044040361384
3.0841258649033207
3.0820357598270256
3.0889369505626076
3.0976099170698217
3.0935887035595093
3.0948161394218983
3.095903503573136
3.1111230617021772
3.0497158750608895
3.093427076442374
3.0294794172046817
3.0229943420363337
3.0266594202332238
3.039984278541918
3.042287432164447
3.043780000189687
3.0602237867116577
3.046647457638808
3.001475120208501
2.9962605997986524
2.996260599798655
2.988415429540927
2.989393027165118
3.0627570358234415
3.0612299587786853
3.068228029740175
3.0520943367313653
3.0536123106109767
3.0497705761058502
3.0602573029399487
3.067250922482534
3.07096267550558
3.0692197116410744
3.047169404872385
3.0485938624173268
3.0738828112849554
3.0723446223507898
3.0658385324172537
3.08895928623358
3.090710886502218
3.1309591276039606
3.150402148669538
3.135198686898439
3.123300369974322
3.1401675747815454
3.1443058888586646
3.1399260854144915
3.167002572708352
3.149846638731658
3.1801808934842324
3.1852147256018366
3.1766012240179426
3.1715933063245894
3.1720183698914854
3.1760623596190887
3.1937321284357996
3.1984655243658633
3.2025549306436716
3.208514400073252
3.208948788990622
3.2091168473091365
3.214758717485819
3.2325673032245184
3.2203307936920127
3.2204819286356234
3.224129508688027
3.225406409073403
3.178101070950163
3.1630937116795406
3.1656273850260073
3.1623165174533723
3.1721010980926527
3.1349131374426062
3.1483523445830595
3.143378915380155
3.1408200278175884
3.141186682792455
3.1414374013883797
3.1304669672175174
3.120014819009919
3.136713478205658
3.1286999309873775
3.1271440178945578
3.1406603805242645
3.1422297762145877
3.1571909351594263
3.1556065628707493
3.167405460102955
3.2136043303026107
3.227671401627651
3.2224444242001913
3.2197552451982023
3.220140562465613
3.221994482880502
3.235403347415494
3.23566933229722
3.249264265747368
3.2503231555012726
3.277896080919457
3.267292034143374
3.26085372109858
3.2679888331965463
3.275538429442868
3.2309475439600313
3.2387737239469594
3.239191138141628
3.2288356395545925
3.2427785580339017
3.242511403103194
3.243480424460056
3.229531482703103
3.232429758217044
3.246419089707496
3.27149810792931
3.2717700609185285
3.2696983646999516
3.2803180621780688
3.279889981858236
3.2698783391786077
3.2561827994343933
3.2853813314508007
3.299324116978724
3.291233559674079
3.3252608004769773
3.3330776473955397
3.337868503936592
3.336654181127559
3.302718080432718
3.3010898062005816
3.301117785526325
3.301778390255661
3.3461179695305048
3.296463942738773
3.2981310731765987
3.317227575065541
3.340888850308701
3.282178637171259
3.2867833565782307
3.296858457294951
3.2290199904681347
3.219248914891709
3.2341389946490784
3.2338732612972203
3.3051624459564293
3.3054400248756615
3.291088783594937
3.29240269401041
3.2890963901094294
3.250979558932445
3.2704548493225856
3.262691042058843
3.0325923956303367
3.0383157205388844
3.0387299512518116
2.9924989721142663
2.98748608195663
2.9945995828190783
2.9953285719401954
2.867570973857991
2.855090782750798
2.8552695737820852
2.902190899482746
2.9017447313102567
2.902142344641701
2.899761912532742
2.9522624097849453
2.9686983487543617
2.967849755774509
2.9786224305206073
2.9770094226589667
2.9886066288165702
2.9916233271684445
3.0969502472633272
3.0991834943477325
2.9004561434364082
2.900675256295019
2.907129481671268
2.9082473899673214
2.9179400790670202
2.9217757235410207
2.9221846532507114
2.931050149445043
2.9298439836679626
2.9393237935197605
2.9381377839652205
2.9428677259304306
3.0316115616196306
3.039998439374427
3.083390657094668
3.087587477726052
3.0877380925340647
3.115084810785385
3.1461485597123917
3.181849180892507
3.197619569476701
3.2065776891026743
3.1882771985908165
3.188582615933137
3.164189425670624
3.1843593286843723
3.181377926983255
3.205109622506753
3.206584626322313
3.2014815320460865
3.201554985983489
3.2178519638835885
3.203102708310276
3.211231020814681
3.214695853678267
2.1158606902285957
2.1668699017858533
2.1686250387280386
2.153945485018927
2.1673688229217647
2.164902582878345
2.16531083011085
2.1614200316989187
2.165253933963512
2.167808983745278
2.1683960044794497
2.1693486470733747
2.170052884704843
2.16918379765567
2.186408296967139
2.270640345064906
2.2698876202247447
2.2721049787135463
2.2574527147773362
2.2443317421179283
2.2800025456373003
1.5790491776239635
1.5984062401830825
1.5995080308970215
1.5998394603226733
1.525647659708318
1.5326367963970475
1.533341712782646
1.5338628383687443
1.5341663819094862
1.5432543717821698
1.5558400456367951
1.635462070548642
1.6348902276555881
1.5105519433052998
1.5016033119268344
1.4187684464549821
1.4338456776073887
1.5134699815083696
1.4451650937036498
1.4450163810624894
1.4402463063038071
1.4237399620697406
1.4227197813799195
1.4245499795768206
1.4415829790551329
1.4448575580730376
1.449028708461897
1.4552152850593414
1.4551032098827938
1.4453465633190903
1.4267912100559184
1.4365853635919874
1.4381950167381012
1.4387590366019967
1.426744224884078
1.4226217665376077
1.4283609816187641
1.4375231561726558
1.4427954279858732
1.4432622890521922
1.4567627829244285
1.4640773984427
1.4655228101870643
1.486340544581233
1.4892567122180633
1.4916472092226374
1.4947988579533769
1.4980257139707844
1.503763145543128
1.5002584861209893
1.5007973364798772
1.5158864960573957
1.5771233257877293
1.5768603836993493
1.681678262050347
1.7659292282428884
1.884938756197549
1.7251588385563281
1.7471845592056696
1.838780323430904
1.9188764372243803
1.9273452220190943
1.7433432346267996
1.9273452220190561
1.9273452220190421
1.9273452220190175
1.9273452220190033
1.9273452220189788
1.9273452220189646
1.9273452220189398
1.927345222018926
1.9273452220189013
1.9273452220188874
1.7433432346266038
1.9273452220188487
1.927345222018824
1.92734522201881
1.927345222018785
1.9273452220187712
1.9273452220187468
1.9273452220187326
1.9273452220187082
1.927345222018694
1.9273452220186693
1.9273452220186553
1.9273452220186302
1.9273452220186167
1.927345222018592
1.9273452220185778
1.9273452220185534
1.9273452220185392
1.9273452220185148
1.9273452220185006
1.9273452220184757
1.927345222018462
1.9273452220184373
1.9273452220184233
1.9273452220183986
1.9273452220183847
1.92734522201836
1.9273452220183458
1.927345222018321
1.9273452220183072
1.9273452220182827
1.9273452220182685
1.9273452220182439
1.9273452220182299
1.9273452220182052
1.9273452220181913
1.9273452220181662
1.9273452220181526
1.927345222018128
1.9273452220181138
1.9273452220180893
1.9273452220180751
1.9273452220180507
1.9273452220180365
1.9273452220180114
1.9273452220179979
1.9273452220179732
1.9273452220179592
1.9273452220179346
1.9273452220179204
1.927345222017896
1.9273452220178817
1.9273452220178569
1.927345222017843
1.9273452220178184
1.9273452220178044
1.9273452220177798
1.9273452220177658
1.9273452220177412
1.9273452220177272
1.927345222017702
1.9273452220176883
1.927345222017664
1.9273452220176497
1.9273452220176253
1.927345222017611
1.9273452220175864
1.9273452220175724
1.9273452220175473
1.9273452220175338
1.9273452220175091
1.9273452220174951
1.9273452220174705
1.9273452220174563
1.9273452220174319
1.9273452220174176
1.9273452220173928
1.927345222017379
1.9273452220173544
1.9273452220173404
1.9273452220173157
1.9273452220173017
1.927345222017277
1.9273452220172629
1.927345222017238
1.9273452220172242
1.9273452220171998
1.9273452220171856
1.927345222017161
1.927345222017147
1.9273452220171223
1.9273452220171083
1.9273452220170832
1.9273452220170697
1.927345222017045
1.9273452220170308
1.9273452220170064
1.9273452220169922
1.9273452220169678
1.9273452220169536
1.9273452220169287
1.927345222016915
1.9273452220168903
1.9273452220168763
1.9273452220168517
1.9273452220168377
1.927345222016813
1.9273452220167988
1.927345222016774
1.9273452220167602
1.9273452220167357
1.9273452220167215
1.927345222016697
1.927345222016683
1.9273452220166583
1.9273452220166445
1.9273452220166192
1.9273452220166054
1.927345222016581
1.9273452220165668
1.9273452220165423
1.9273452220165281
1.9273452220165035
1.9273452220164895
1.9273452220164644
1.927345222016451
1.9273452220164262
1.9273452220164125
1.9273452220163876
1.9273452220163734
1.927345222016349
1.9273452220163347
1.9273452220163099
1.9273452220162963
1.9273452220162715
1.9273452220162577
1.9273452220162328
1.927345222016219
1.9273452220161942
1.9273452220161804
1.927345222016155
1.9273452220161413
1.927345222016117
1.927345222016103
1.9273452220160783
1.9273452220160643
1.9273452220160394
1.9273452220160256
1.9273452220160003
1.927345222015987
1.9273452220159621
1.927345222015948
1.9273452220159235
1.9273452220159095
1.9273452220158849
1.9273452220158709
1.9273452220158458
1.9273452220158322
1.9273452220158074
1.9273452220157936
1.9273452220157687
1.927345222015755
1.92734522201573
1.9273452220157161
1.927345222015691
1.9273452220156775
1.9273452220156528
1.9273452220156388
1.927345222015614
1.9273452220156002
1.9273452220155753
1.9273452220155616
1.9273452220155363
1.927345222015523
1.927345222015498
1.927345222015484
1.9273452220154594
1.9273452220154454
1.9273452220154208
1.9273452220154068
1.9273452220153815
1.9273452220153682
1.9273452220153433
1.9273452220153295
1.9273452220153047
1.9273452220152907
1.927345222015266
1.927345222015252
1.927345222015227
1.9273452220152134
1.9273452220151885
1.9273452220151748
1.92734522201515
1.9273452220151361
1.9273452220151113
1.9273452220150975
1.9273452220150722
1.9273452220150586
1.927345222015034
1.92734522201502
1.9273452220149954
1.9273452220149814
1.9273452220149565
1.9273452220149427
1.9273452220149174
1.927345222014904
1.9273452220148792
1.9273452220148655
1.9273452220148406
1.9273452220148266
1.927345222014802
1.927345222014788
1.9273452220147629
1.9273452220147493
1.9273452220147245
1.9273452220147107
1.9273452220146858
1.927345222014672
1.9273452220146472
1.9273452220146332
1.9273452220146081
1.9273452220145946
1.92734522201457
1.927345222014556
1.927345222014531
1.9273452220145173
1.9273452220144924
