24729.255507930142
24719.46430788735
24505.830522304223
24251.759585288095
24244.036690471185
24233.947665075302
24226.60238985374
24224.07966813141
23915.264972610414
23913.70000717008
23447.62722979425
23425.590689512144
23415.808892562087
23386.563427129753
23384.998774961514
23371.251286408256
23272.765927804994
23272.330868500532
23267.029682896642
23249.317221736423
23236.78925689753
23235.979936104555
22362.99302048781
22321.59177141175
22321.531441656112
22296.62819712372
22292.608623424727
22285.345946708752
22266.20404208143
22248.632107795773
22236.146538483674
22235.73626201963
21916.10648322057
21827.583875399843
21815.93176174545
21796.14843251481
21774.99200803665
21763.823877194496
21758.031379756052
21696.420752957092
21695.60956823217
21695.251975998937
21670.234250623464
21667.04294193896
21666.628125094172
21277.886952408287
21267.074966365974
21266.65481150074
21059.81232838417
21058.50411598441
20626.967622442477
20624.192675077946
20612.137879626996
20564.00299622492
20549.88571802285
20545.491104395573
20519.287704863764
20512.295979623552
20504.25473277588
20494.909876763424
20494.564537052207
19890.04102596892
19859.8909652104
19816.505583515423
19814.82191028862
19810.928997832172
19808.522387679463
19800.949944807548
19769.630627519517
19765.63983188439
19744.3897372944
19698.000313073666
19684.383736039737
19682.544630352662
19679.584378681007
19656.780196194428
19652.373590341493
19647.7355571278
19605.447562692178
19597.75454619445
19596.420497345567
19549.919383088007
19407.877202456337
19372.342661320592
19340.259967491435
19338.998259019234
19330.847552515133
19326.157531142395
19325.962665395055
19304.48133405531
19264.97316837804
19194.760139556365
19186.325412453152
19181.40560840049
19178.21604160463
19173.559837626966
19173.102611298527
19172.788706371193
19169.995977632287
19159.01828695124
19143.08341119024
19136.012395086393
19135.543012436243
19133.223245526584
19116.2275853117
19115.74818800078
19108.14564700799
19107.305355462977
19089.264353039198
18237.563460850168
18225.450768226227
18224.5098354464
18223.544354204638
18221.92719843604
18217.36032448458
18190.23100489428
18186.071816188258
18184.166056312457
18174.529036165466
18171.970921989516
18088.528531431068
18075.632180264947
18072.33954331109
18072.00416274954
17880.07170072679
17778.498201667357
17766.310581073012
17762.829789761676
17706.883180530753
17705.046388527593
17702.444255979717
17656.625191647177
17655.71995479296
17649.973792816156
17641.04635980444
17624.866175820305
17624.52086861677
17623.973001898034
17621.653229028943
17621.173852803084
17518.67240161979
17469.54208052869
17457.354468410373
17453.8734702518
17412.446858323154
17402.920078973653
17362.36441742318
17361.703702311668
17352.175368408523
17351.88126656774
17347.295704732816
17333.30226820664
17317.1220989402
17313.136126002217
17307.786083417308
17307.440778123328
16742.521467781706
16696.689540643896
16695.496746486417
16684.502045204874
16681.01822523233
16645.589720285236
16634.583385301965
16632.32990521794
16631.669204258287
16618.2413111295
16616.94469343725
16612.359083894476
16608.197204162276
16605.94280879613
16594.642727230785
16417.524280899484
16191.742573707996
16150.29673448909
16097.054240232108
16075.763653254326
16075.112743153079
16057.17111944284
16030.494114624018
15998.030808740175
15985.560519938197
15976.833065657107
15975.539710863712
15974.274289322486
15973.847124948416
15462.365021827074
15418.265284150713
15375.198137645084
15374.622802712085
15373.971539644692
15356.03052552742
15325.713551591136
15299.645302408746
15287.176985628583
15245.161959638732
15215.64048370384
15215.213331802848
15187.168998565692
15123.432846122527
15047.735882104485
15043.474558742517
15029.143619652323
15001.490204820542
14989.021936587527
14988.594783679791
14196.567442736054
14126.426821712772
14029.743070112312
14026.18333177656
14023.937789442516
13999.447904732022
13987.270122992737
13979.22517316567
13977.464213842657
13705.933621249907
13689.029587430176
13682.506523470001
13672.906404310372
13523.896643506185
13488.04358948916
13482.414730285474
13461.307079856138
13443.964199695702
13433.967933403588
13432.507188607575
13432.027796526821
13424.603512158365
13414.898566716893
13413.137507173302
13387.658338553956
13386.187506600296
13384.523316160126
13383.340502633686
13377.746349395306
13368.298252640463
13263.53680183691
13260.15007679279
13254.562323734133
13058.402744429344
12989.258520765277
12986.862033919724
12970.510095428455
12969.910257962123
12913.221573820168
12908.059595113991
12906.106332311881
12812.413428259239
12803.52285944078
12802.902561062156
12798.039885720607
12797.694616424273
12755.430857329997
12746.578863015486
12745.117963670631
12744.63864730633
12738.755919187848
11709.65692328629
11682.045487500896
11675.244495379104
11597.321667819877
11586.316561374742
11569.04759108704
11563.88582088593
11561.932637255895
11508.351681145854
11466.920865586739
11461.21180544138
11444.32237445168
11432.484301807492
11389.898141344607
11373.81723629047
11362.071495970407
11360.00164260319
11319.460949306624
11318.686948485143
11318.37156092143
11317.074372069428
11309.34174304142
11299.99583246535
11286.985655684332
10948.007542233703
10938.26370227778
10931.115497192626
10930.536512610992
10928.206190972738
10899.748168842847
10894.360075904779
10891.393665994161
10861.982708652467
10854.770630997424
10837.701537020166
10829.287816220061
10828.313359264694
10824.863135779653
10823.60031266493
10822.796623154069
10822.451403245683
10821.160052776508
10769.425516880836
10761.725279385848
10642.742296050401
10635.849981487414
10634.518097519918
10610.526045313438
10609.2349203297
10341.411080489559
10321.414277312218
10321.39430722495
10255.286278601116
10253.54543016305
10242.337400606697
10238.245065876736
10231.206121013385
10229.445411030372
10225.988106270059
10216.279195953826
10195.776911643003
10181.08400768349
10178.823150561604
10165.479944750721
10160.718643741973
10158.78936986834
10146.326992495453
10145.804733701609
9952.642664944151
9939.486504035207
9939.466915787656
9935.832065529776
9929.534263667343
9915.380732107567
9896.459830741444
9887.244212672604
9883.730170323623
9881.969518965247
9878.096412631656
9873.220383391968
9873.179285875785
9866.049313403244
9865.871076985362
9864.9455800557
9863.625874847132
9862.784629495865
9860.227782035676
9857.907934178147
9857.428680797344
9856.955892263115
9839.636857213824
9830.718900434582
9793.595470969305
9791.485949739092
9788.187327363206
9787.816505829307
9786.204671235253
9784.785157730908
9784.312467878395
9778.393264389242
9776.55498928131
9771.21695551225
9625.353904010319
9618.683970050422
9577.429117836391
9137.686900623215
9136.814612644019
9123.390472664938
9122.658059496642
9114.276833840551
9112.015702333145
9111.124416069342
9095.53646017293
9083.462380252735
9080.323592639956
9069.650161461625
9065.504397388997
9057.968730352848
9052.446898004668
9047.665789578989
9044.769279047054
9041.292271808636
9040.374952506696
9031.937759098972
9028.859385342945
9026.548055719355
9018.120625824053
9009.561984712249
9008.600330462805
9002.027158443447
8992.270616357528
8982.949583063402
8981.437808767589
8976.276721329257
8974.323796859546
8944.138178054056
8772.128501129957
8758.130018055494
8749.251477476164
8747.745646869034
8735.072084456608
8731.37458258021
8731.369173658913
8727.880227225367
8724.430481334806
8722.745622340943
8720.166145440406
8716.287619873456
8693.975467123397
8689.26640459197
8687.395347529316
8672.55702566178
8669.583193985587
8668.742068557394
8668.69716709419
8650.133069479494
8646.39742799062
8639.769716326944
8638.68063648832
8636.152045258928
8632.94360986219
8284.461669731743
8281.31921057052
8280.180896200414
8279.4517768566
8255.770633433052
8251.328151253527
8234.850926929032
8218.587746805744
8199.970528994429
8196.312894904644
8189.347463372909
8181.955421458226
8170.205720233
8161.759359221521
8153.296346144363
8152.889378832289
8148.587049207973
8148.352499275234
8139.384299331518
8133.770860217425
8124.958652159083
8123.592877950072
8123.323982215338
8122.896991210535
8122.421539494875
8120.9293268793235
8104.19175203795
8102.216004043326
8097.521290220113
8093.471801150933
8068.290230908162
8067.32804395188
8065.325731538678
8065.2581287326175
8060.411358908963
8059.984385187746
8019.90935594567
8011.849000627265
8010.452927758433
8004.447120315381
8003.114749491997
7999.901478668718
7893.713917746333
7882.352918449289
7876.0131628301215
7869.1562683302645
7867.823966635814
7816.560915948787
7813.203536203994
7799.381501036535
7795.772651698238
7789.323641804275
7785.790822884657
7773.563782097605
7773.1663894594285
7767.82852785121
7763.200318464563
7762.151161603305
7759.142555086417
7740.676663149536
7692.646755785162
7684.840614621833
7617.684436913259
7591.35096660192
7588.0740117109535
7553.017583074467
7550.98038127281
7549.661812674258
7547.607970487662
7547.132264842639
7503.660196344408
7490.9342590683345
7485.45305981397
7482.632841564235
7465.737612916495
7428.328569792963
7415.65890100931
7409.563885783052
7399.318042529533
7397.985659406179
7387.560847088713
7385.013914800296
7378.918998032292
7345.599300583529
7322.588979310677
7310.238477603811
7308.984090224848
6922.8617108879325
6896.189960737081
6891.730873596898
6887.991508029728
6887.193360948507
6840.085753488352
6839.755823206111
6835.981425945309
6832.1872719168405
6828.809404288253
6825.380950535488
6819.403651495283
6809.86091399437
6795.716241062034
6770.945969538595
6766.881155364062
6763.7911830785015
6762.681986509679
6762.336383913773
6759.0530061520885
6744.804310717173
6741.014124962123
6731.518945433228
6726.775089093837
6726.429996733048
6726.296510960512
6724.984344991891
6710.967457078341
6710.628050273408
6710.50885396354
6707.6354936435655
6706.6311604244775
6700.591552916143
6693.560130430448
6691.490381558542
6687.977254850355
6686.217063647171
6679.824071861281
6672.39286211192
6653.179127640727
6646.299271656557
6645.995270596141
6645.787435636714
6634.796907760668
6630.395442567444
6590.213858952857
6583.757818093375
6580.266235642822
6577.5295385958225
6576.112173599022
6560.164377464862
6556.672873600688
6547.016928615619
6444.5336524784425
6443.90435022305
6424.690351591871
6417.810359865094
6417.5063782476855
6416.044814993524
6414.523687431294
6414.315868304622
6412.171652340589
6411.082746806336
6365.912514130301
6363.922146796682
6353.800003338984
6353.790111561289
6353.584678374953
6304.266626406987
6302.771497222544
6296.882817558856
6294.892533442
6291.831186077893
6286.505498021324
6284.292899245374
6281.346723100484
6279.075884449971
6270.469202299488
6261.421919958937
6261.214110596863
6248.32063637435
6245.688861129316
6239.808823425705
5876.611665382258
5869.132505460601
5802.780371920258
5801.259782271466
5795.585158133339
5740.346235769389
5740.140812326873
5739.657841626321
5726.521911986008
5724.756238526242
5720.4147789843755
5715.60202226309
5714.431753711409
5711.52103863867
5708.307257487229
5707.053120997726
5692.777390337364
5675.315921760698
5659.4672148610525
5655.976085241204
5651.201874000391
5598.282774302903
5501.843847203986
5493.031662474042
5486.110830916472
5443.6234415958415
5443.415638051111
5442.140946885331
5438.513517546617
5438.103137643515
5427.337182437011
5252.552525836857
5244.319695776603
5239.673061234689
5239.41275345151
5239.070301964098
5237.903424901888
5236.57012582637
5236.143171600457
5235.532876793397
5223.137938400691
5208.103976165328
5207.94593289517
5204.796980878228
5202.548669339115
5202.203039982965
5201.365614551938
5163.421917973434
5156.524317571638
5150.495499903871
5148.956690161006
5146.009068916002
5141.16987151854
5140.053056654501
5127.661327593069
5125.901410869774
4994.425499535552
4994.23783510141
4992.313280578283
4991.360508723424
4983.130257926581
4979.888436096248
4979.543318262632
4977.156019537752
4972.633231738492
4964.701347445807
4962.667733478683
4958.726071199824
4950.832304506348
4944.099659745612
4943.561694114029
4940.300426723041
4940.183551903588
4919.150478795568
4853.784581769987
4702.509858684897
4694.548859575384
4694.105330684691
4689.035214019339
4680.773206089981
4676.978813497941
4665.294142877016
4653.356139748601
4652.766755781817
4651.705120565654
4651.165816745738
4649.786392483821
4639.76937021456
4639.273280835159
4630.311970542366
4627.829221637752
3743.3066076153
3543.7931510178087
3542.032556019678
3539.4849388336524
3538.189068222485
3527.0487473248154
3526.6382299867464
3505.918810031699
3505.2387046585295
3502.6728201580654
3501.3919370871813
3494.974054953831
3494.2688979488908
3490.919641325179
3488.0183566462765
3475.366056675463
3464.754448245442
3456.220756724692
3446.77968128171
3445.9111429614536
3412.2549217516494
3198.5810560147956
3068.0869647406184
3066.6657435550696
3066.238609621438
3055.951351363105
3049.3901106879302
3042.9719752893106
3041.0470866194764
3040.6364610254104
3030.7365874015386
3016.5878311219767
3003.9308358928997
2994.5389567426378
2941.705845481537
2918.6255356802153
2914.5544538845566
2913.3878632745727
2897.6984833682855
2896.476670956353
2881.3964670649016
2873.558367435415
2862.184854240071
2857.317627628913
2854.686429187757
2853.613729558749
2848.980049415835
2838.1365889971266
2831.806627834641
2819.1338342092704
2767.069963547195
2761.8511689984684
2754.669868662253
2752.3736094062638
2751.5702203530864
2748.5105074658695
2743.812386864233
2671.73822288915
2588.4732083817
2577.7386338042625
2565.0431601125633
2563.2250906727922
2557.336362312539
2541.4297136399505
2538.124065002799
2481.4056761121083
2465.97182693955
2461.2237137463176
2456.976649803674
2444.7230581173267
2443.838141425224
2441.9132718093824
2393.3370807851034
2388.697619514645
2387.557717325279
2377.482759392718
2369.5794110662414
2362.2155924472722
2338.6287087527708
2324.1950475618746
2322.6494032791625
2317.0788054329937
2314.163009541097
2314.1630095410933
2314.1630095410906
2314.1630095410883
2314.163009541086
2314.163009541084
2314.163009541081
2314.1630095410787
2314.163009541077
2314.1630095410746
2314.163009541072
2314.1630095410696
2314.1630095410674
2314.1630095410655
2314.163009541063
2314.1630095410605
2314.1630095410587
2314.1630095410565
2314.1630095410537
2314.1630095410515
2314.163009541049
2314.1630095410474
2314.1630095410446
2314.1630095410424
2314.1630095410405
2314.1630095410383
2314.1630095410355
2314.1630095410333
2314.163009541031
2314.163009541029
2314.163009541026
2314.1630095410237
2314.163009541022
2314.1630095410196
2314.163009541017
2314.1630095410146
2314.1630095410123
2314.1630095410105
2314.163009541008
2314.1630095410055
2314.1630095410037
2314.1630095410014
2314.1630095409987
2314.1630095409964
2314.163009540994
2314.1630095409923
2314.1630095409896
2314.1630095409873
2314.1630095409855
2314.1630095409832
2314.1630095409805
2314.1630095409782
2314.163009540976
2314.1630095409737
2314.163009540971
2314.1630095409687
2314.163009540967
2314.1630095409646
2314.163009540962
2314.1630095409596
2314.1630095409573
2314.1630095409555
2314.1630095409528
2314.1630095409505
2314.1630095409487
2314.1630095409464
2314.1630095409437
2314.1630095409414
2314.163009540939
2314.1630095409373
2314.1630095409346
2314.1630095409323
2314.1630095409305
2314.163009540928
2314.1630095409255
2314.163009540923
2314.1630095409205
2314.1630095409187
2314.163009540916
2314.1630095409137
2314.163009540912
2314.1630095409096
2314.163009540907
2314.1630095409046
2314.1630095409023
2314.1630095409005
2314.1630095408977
2314.1630095408955
2314.1630095408937
2314.1630095408914
2314.1630095408887
2314.1630095408864
2314.163009540884
2314.1630095408823
2314.1630095408796
2314.1630095408773
2314.1630095408755
2314.163009540873
2314.1630095408705
2314.163009540868
2314.1630095408655
2314.1630095408636
2314.163009540861
2314.1630095408586
2314.163009540857
2314.1630095408545
2314.163009540852
2314.1630095408495
2314.1630095408473
2314.1630095408455
2314.1630095408427
2314.1630095408404
2314.1630095408386
2314.1630095408364
2314.1630095408336
2314.1630095408314
2314.163009540829
2314.1630095408273
2314.1630095408245
2314.1630095408223
2314.1630095408204
2314.163009540818
2314.1630095408154
2314.1630095408127
2314.1630095408104
2314.1630095408086
2314.163009540806
2314.1630095408036
2314.163009540802
2314.1630095407995
2314.163009540797
2314.1630095407945
2314.1630095407922
2314.1630095407904
2314.1630095407877
2314.1630095407854
2314.1630095407836
2314.1630095407813
2314.1630095407786
2314.1630095407763
2314.163009540774
2314.1630095407722
2314.1630095407695
2314.1630095407672
2314.1630095407654
2314.163009540763
2314.16300954076
2314.1630095407577
2314.1630095407554
2314.1630095407536
2314.163009540751
2314.1630095407486
2314.1630095407468
2314.1630095407445
2314.1630095407418
2314.1630095407395
2314.163009540737
2314.1630095407354
2314.1630095407327
2314.1630095407304
2314.1630095407286
2314.1630095407263
2314.1630095407236
2314.1630095407213
2314.163009540719
2314.163009540717
2314.1630095407145
2314.163009540712
2314.1630095407104
2314.1630095407077
2314.163009540705
2314.1630095407027
2314.1630095407004
2314.1630095406986
2314.163009540696
2314.1630095406936
2314.1630095406917
2314.1630095406895
2314.1630095406867
2314.1630095406845
2314.163009540682
2314.1630095406804
2314.1630095406776
2314.1630095406754
2314.1630095406736
2314.1630095406713
2314.1630095406686
2314.1630095406663
2314.163009540664
2314.163009540662
2314.1630095406595
2314.163009540657
2314.163009540655
2314.1630095406526
2314.16300954065
2314.1630095406476
2314.1630095406454
2314.1630095406435
2314.163009540641
2314.1630095406385
2314.1630095406367
2314.1630095406344
2314.1630095406317
2314.1630095406294
2314.163009540627
2314.1630095406254
2314.1630095406226
2314.1630095406204
2314.1630095406185
2314.1630095406163
2314.1630095406135
2314.1630095406113
2314.163009540609
2314.163009540607
2314.1630095406044
2314.163009540602
2314.1630095406
2314.1630095405976
2314.163009540595
2314.1630095405926
2314.1630095405903
2314.1630095405885
2314.163009540586
2314.1630095405835
2314.1630095405817
2314.1630095405794
2314.1630095405767
2314.1630095405744
2314.163009540572
2314.1630095405703
2314.1630095405676
2314.1630095405653
2314.1630095405635
2314.1630095405612
2314.1630095405585
2314.1630095405562
2314.163009540554
2314.163009540552
2314.1630095405494
2314.1630095405467
